I
1000 Version - data cycle 2013.10, build 20131335, metadata AptXP1000.  Copyright © 2015, josh (fgjosh).
# copy and paste the following lines to your apt.dat
####################################################

1   3966 1 0 SPGL Chagual
100 17.98 1 0 0.25 0 0 0 14 -07.79364822 -077.65533458  303    0 1 0 0 0 32 -07.80117122 -077.64744407    0    0 1 0 0 0

1   6283 0 0 SPIS Pias
100 29.87 1 0 0.25 0 0 0 14 -07.91483316 -077.52966722    0    0 0 0 0 0 32 -07.92582541 -077.52167291  250    0 0 0 0 0

1  11154 0 0 SPGC Gochapita
100 19.20 4 0 0.35 0 0 0 11 -08.28382384 -077.27286852    0    0 0 0 0 0 29 -08.28581617 -077.26557900    0    0 0 0 0 0

1   8693 0 0 SPAI Urpay
100 13.72 4 0 0.35 0 0 0 13 -08.34692996 -077.40232162    0    0 0 0 0 0 31 -08.35180084 -077.39514243    0    0 0 0 0 0
